2 759 346 -60
4 38 624 -248
5 295 444 -73
6 462 71 -177
7 1342 539 -107
8 60 739 -207
9 522 322 -186
11 781 521 -34
12 944 385 -225
13 754 576 -115
14 1039 61 -291
16 1144 60 -171
18 1605 215 -158
19 90 281 -63
20 751 380 -34
21 751 217 -107
22 265 296 -93
23 453 98 -299
24 1619 148 -230
25 1308 431 -27
27 1559 239 -5
28 208 242 -283
29 332 378 -244
30 516 666 -206
31 92 36 -145
32 364 370 -34
33 722 611 -32
34 1165 676 -295
35 235 674 -36
36 1565 758 -208
37 860 707 -282
38 301 682 -15
40 1664 494 -59
41 943 522 -182
42 1194 760 -177
43 570 150 -39
44 459 723 -150
45 587 484 -34
46 1209 425 -200
47 572 126 -163
49 29 400 -149
50 1272 432 -83
51 1318 576 -73
52 1328 351 -48
53 968 152 -183
54 1244 207 -209
55 127 735 -238
56 1507 178 -60
57 309 166 -165
58 693 549 -270
59 79 140 -25
60 1539 139 -276
61 191 703 -183
62 1056 211 -117
63 1673 697 -140
64 479 455 -38
65 1514 333 -41
66 181 197 -32
67 1171 507 -104
68 650 385 -30
70 336 424 -60
71 199 583 -181
72 788 708 -98
74 717 21 -106
75 951 695 -272
76 1112 769 -127
77 735 477 -155
79 1413 193 -111
80 47 705 -180
81 1364 426 -11
82 1175 733 -16
83 388 757 -280
84 205 423 -135
85 288 173 -187
86 386 668 -76
87 1471 236 -133
88 1449 548 -44
89 686 62 -191
90 1431 758 -12
91 1563 715 -168
92 607 217 -228
93 1493 227 -283
95 394 290 -146
96 84 536 -3
97 114 490 -237
98 1231 433 -67
99 82 148 -186
100 223 534 -258
101 1040 415 -262
102 1694 239 -155
103 1323 550 -135
104 1 214 -289
105 1527 652 -166
106 1573 216 -213
107 561 751 -2
108 1668 371 -7
110 300 657 -269
111 1098 24 -263
112 1660 87 -274
113 705 302 -279
114 674 81 -192
115 224 247 -291
116 826 231 -290
117 1192 427 -167
121 276 734 -143
122 627 154 -207
124 1642 371 -157
125 323 123 -37
126 569 635 -160
127 247 124 -248
128 1217 518 -2
129 103 360 -185
131 1015 68 -171
132 669 555 -229
133 1264 415 -66
134 1332 95 -245
135 1586 216 -4
136 97 414 -232
137 1396 685 -245
138 1686 255 -154
139 1327 328 -178
140 1683 242 -227
141 994 536 -32
142 322 683 -137
143 313 301 -255
144 857 93 -235
145 214 633 -131
146 1404 395 -246
147 998 523 -194
148 464 748 -230
149 901 29 -286
150 88 668 -79
151 1105 596 -76
152 234 522 -226
154 975 497 -298
155 78 476 -214
156 1266 651 -170
157 1287 5 -151
159 692 340 -73
160 694 736 -200
161 210 8 -155
162 369 473 -105
163 423 591 -80
165 1231 121 -221
166 1547 406 -179
167 190 66 -152
168 379 278 -50
169 267 584 -187
170 378 480 -110
171 1306 536 -120
172 992 151 -189
173 570 662 -293
174 1592 436 -136
175 773 626 -86
176 1648 332 -99
178 912 326 -271
179 833 592 -144
180 456 178 -216
181 1437 217 -183
182 1680 310 -213
183 800 712 -280
184 1179 428 -252
185 13 503 -83
187 1056 773 -114
189 470 120 -159
190 463 419 -89
191 260 698 -106
192 1094 646 -107
193 818 615 -50
194 842 262 -101
195 765 737 -271
196 1121 448 -2
197 853 178 -96
198 52 572 -265
199 365 525 -143
200 1190 99 -121
201 1266 308 -216
202 1117 28 -46
203 1069 744 -118
204 946 739 -100
205 1402 756 -281
206 764 449 -5
207 1139 136 -273
208 1292 47 -55
209 864 174 -170
210 1698 424 -251
211 267 200 -200
212 271 487 -3
213 1016 466 -128
214 944 692 -88
215 1310 754 -73
216 295 77 -126
217 442 674 -38
218 768 204 -171
219 583 630 -282
220 1275 87 -115
221 1239 573 -126
222 522 353 -12
223 1571 111 -11
224 651 80 -170
225 1385 189 -211
226 1636 50 -4
227 1185 725 -39
228 1325 686 -202
229 380 74 -7
230 636 291 -197
231 332 400 -20
232 1197 601 -199
233 1655 185 -122
234 381 618 -66
235 1296 230 -43
237 1158 558 -234
238 1063 200 -181
239 14 296 -158
240 1606 308 -224
241 1608 232 -154
242 323 209 -15
243 1196 113 -188
244 729 581 -224
245 514 207 -26
246 901 94 -154
247 569 583 -210
248 53 753 -168
249 602 299 -25
250 747 584 -239
251 174 674 -272
252 154 735 -158
253 653 303 -90
254 1376 73 -104
255 788 209 -168
256 197 710 -20
257 112 509 -185
258 194 128 -200
259 1220 201 -129
260 685 535 -39
261 1642 728 -32
262 1432 412 -135
263 1350 330 -223
264 581 3 -200
266 536 61 -232
267 360 679 -152
268 374 385 -211
269 614 160 -278
270 399 471 -123
271 427 409 -141
272 1600 746 -245
273 338 94 -73
274 287 484 -138
275 1537 339 -252
276 533 631 -104
277 212 73 -26
278 602 616 -234
279 1360 401 -142
280 1093 468 -154
281 197 194 -87
282 309 182 -196
283 1088 675 -70
284 883 212 -299
285 426 294 -96
286 1037 615 -103
287 594 671 -6
288 914 263 -134
289 1544 40 -118
290 162 681 -198
291 1528 745 -26
292 597 389 -12
293 1362 200 -118
294 1324 162 -243
295 804 374 -250
296 321 692 -51
297 1099 310 -66
298 1685 205 -53
299 359 170 -5
300 1579 323 -188
301 1101 170 -248
302 109 294 -25
303 628 751 -287
304 1590 428 -40
305 1125 253 -203
307 853 419 -203
308 669 496 -232
309 174 170 -89
310 605 277 -85
311 920 333 -2
312 1001 188 -4
313 1700 291 -263
314 276 155 -292
315 1160 581 -29
316 1012 661 -211
317 343 64 -231
318 293 23 -106
319 162 666 -183
320 1033 86 -151
321 272 452 -225
322 10 5 -287
323 212 29 -192
324 25 769 -27
325 1638 734 -265
326 692 676 -10
326 827 572 -219