2 354 748 -274
4 817 9 -13
5 205 456 -81
6 472 401 -210
7 1654 45 -55
8 674 86 -61
9 519 292 -34
11 1169 332 -173
12 821 147 -242
13 759 171 -205
14 564 573 -240
16 840 422 -286
18 1025 463 -97
19 276 624 -131
20 276 180 -7
21 963 461 -20
22 724 484 -145
23 345 597 -129
24 1539 425 -140
25 893 763 -190
27 808 453 -61
28 1278 285 -221
29 1430 281 -101
30 1405 345 -84
31 473 437 -79
32 556 396 -156
33 1607 416 -158
34 1493 617 -165
35 942 502 -124
36 1330 196 -137
37 1666 419 -273
38 318 33 -187
40 196 72 -71
41 272 334 -223
42 1129 161 -9
43 461 769 -145
44 1541 369 -24
45 525 334 -240
46 1278 576 -85
47 752 577 -278
49 280 760 -11
50 1174 222 -253
51 75 710 -213
52 1149 404 -153
53 1112 526 -193
54 1036 396 -291
55 888 389 -281
56 1011 331 -279
57 1153 375 -128
58 1180 314 -274
59 1654 549 -56
60 298 541 -146
61 942 535 -37
62 277 231 -12
63 628 662 -42
64 1656 310 -277
65 1687 308 -270
66 180 559 -51
67 566 188 -191
68 920 9 -107
70 154 230 -50
71 1639 292 -217
72 203 345 -214
74 1415 560 -217
75 1374 306 -52
76 967 664 -75
77 1531 201 -15
79 876 206 -20
80 1068 392 -283
81 271 449 -153
82 1324 739 -168
83 884 534 -263
84 59 617 -31
85 1092 722 -180
86 1391 388 -279
87 894 592 -271
88 1528 691 -195
89 1630 330 -201
90 1086 369 -29
91 1244 550 -45
92 268 254 -83
93 532 33 -237
95 971 683 -64
96 279 113 -260
97 507 486 -97
98 728 639 -283
99 1514 531 -29
100 968 141 -216
101 947 38 -36
102 944 489 -13
103 279 160 -143
104 353 539 -2
105 890 137 -197
106 1442 184 -9
107 651 459 -135
108 1057 348 -30
110 1412 60 -109
111 1595 135 -10
112 1205 70 -265
113 948 650 -89
114 1196 271 -65
115 1364 756 -162
116 377 174 -101
117 978 269 -272
121 118 280 -141
122 296 83 -327.106
124 343 547 -175.405
125 920 29 -97.684
126 470 134 -349.497
127 812 741 -233.236
128 1647 603 -191.6
129 875 721 -101.084
131 1645 743 -87.2732
132 237 225 -21.1028
133 910 284 -65.9344
134 666 447 -10.875
135 1031 621 -58.1826
136 726 40 -155.349
137 1632 404 -186.797
138 1680 459 -263.645
139 1526 733 -209.091
140 320 241 -295.216
141 408 46 -126.18
142 957 344 -291.794
143 1350 675 -21.4649
144 724 79 -330.743
145 1304 164 -279.544
146 330 269 -0.0339608
147 1412 127 -326.226
148 362 176 -254.996
149 504 580 -62.8781
150 416 603 -112.54
151 73 130 -85.5656
152 561 71 -280.187
154 209 593 -184.434
155 920 547 -318.628
156 649 224 -58.2491
157 1300 539 -259.558
159 343 42 -301.266
160 333 727 -222.622
161 544 449 -79.2701
162 34 716 -272.313
163 1305 624 -347.802
165 1439 662 -228.613
166 1678 280 -232.521
167 97 462 -172.209
168 1140 531 -105.771
169 959 663 -8.84692
170 250 138 -200.244
171 1659 36 -56.4434
172 954 111 -247.543
173 135 48 -8.92281
174 284 307 -316.097
175 464 413 -335.877
176 347 359 -67.526
178 17 347 -0.0803776
179 1586 145 -58.1626
180 577 744 -10.7899
181 365 659 -223.826
182 412 740 -77.7435
183 941 740 -167.094
184 1014 735 -154.96
185 136 108 -80.5723
187 479 211 -341.05
189 1471 117 -241.906
190 1341 74 -267.209
191 53 192 -299.466
192 1443 478 -126.679
193 528 216 -134.534
194 1604 416 -192.432
195 1308 731 -300.679
196 1460 63 -328.904
197 1489 158 -117.902
198 122 15 -350.697
199 1010 119 -85.3336
200 1235 531 -93.6035
201 1591 230 -68.0616
202 612 324 -90.8538
203 14 64 -72.3487
204 1071 745 -295.888
205 1350 613 -359.818
206 250 295 -214.163
207 856 129 -280.332
208 34 41 -265.629
209 251 690 -286.896
210 891 166 -64.4834
211 444 212 -348.363
212 854 26 -162.93
213 1473 312 -256.086
214 1584 627 -201.594
215 400 234 -123.91
216 954 229 -165.384
217 714 346 -150.045
218 539 28 -150.306
219 1550 344 -35.9001
220 695 330 -193.649
221 1034 204 -79.4635
222 1113 132 -229.237
223 1256 212 -43.1074
224 401 129 -19.5964
225 1233 472 -272.423
226 1408 87 -200.796
227 970 619 -313.146
228 26 477 -1.94296
229 1463 529 -83.7551
230 1473 211 -172.156
231 318 602 -351.55
232 1309 209 -108.19
233 1398 629 -254.43
234 351 643 -282.469
235 269 566 -245.472
237 73 655 -250.008
238 1274 716 -18.8813
239 1667 669 -139.128
240 1021 692 -152.416
241 34 465 -42.9082
242 1176 581 -59.4499
243 693 274 -279.513
244 1412 486 -215.015
245 308 18 -244.614
246 1073 453 -114.972
247 31 554 -254.198
248 1689 682 -214.115
249 1296 77 -342.823
250 913 677 -26.3946
251 1181 498 -263.526
252 847 170 -195.471
253 203 16 -80.6929
254 1554 212 -57.8478
255 300 173 -350.241
256 18 737 -20.288
257 973 145 -191.809
258 959 695 -68.9903
259 142 735 -188.862
260 1579 273 -350.563
261 14 262 -352.049
262 192 275 -56.6453
263 1340 143 -82.3748
264 578 20 -359.925
266 470 478 -338.032
267 1326 501 -5.92453
268 1453 639 -182.253
269 102 596 -121.27
270 1430 20 -291.297
271 1125 25 -96.1871
272 15 613 -254.592
273 1168 31 -5.19257
274 1325 22 -186.502
275 722 245 -249.698
276 1005 557 -137.314
277 236 272 -7.51947
278 370 602 -51.9233
279 293 132 -263.232
280 1176 58 -128.353
281 1533 400 -56.303
282 46 648 -298.123
283 1526 219 -124.985
284 59 85 -236.649
285 1369 745 -338.91
286 1394 576 -81.5082
287 991 208 -302.771
288 1474 569 -227.019
289 1411 744 -359.037
290 50 599 -236.893
291 1566 456 -47.5545
292 212 691 -150.602
293 368 746 -268.508
294 1290 123 -152.255
295 1068 243 -154.58
296 1179 610 -92.7591
297 1006 528 -116.87
298 387 98 -94.1855
299 1451 750 -124.656
300 1582 569 -177.227
301 931 608 -32.0932
302 1474 747 -342.71
303 1258 533 -339.426
304 1099 421 -234.442
305 1383 484 -122.295
307 17 674 -293.993
308 17 516 -119.5
309 915 189 -128.72
310 1425 559 -189.439
311 1216 18 -311.621
312 1554 305 -193.728
313 495 436 -198.053
314 96 641 -67.2075
315 947 192 -112.844
316 1199 549 -312.149
317 685 18 -346.839
318 945 165 -98.0245
319 635 13 -339.074
320 215 741 -177.386
321 1404 529 -330.283
322 1357 553 -100.642
323 1512 343 -123.463
324 1564 411 -121.638
325 1018 160 -116.119
326 1468 611 -111.996