2 354 748 -274
4 817 9 -13
5 205 456 -81
6 472 401 -210
7 1654 45 -55
8 674 86 -61
9 519 292 -34
11 1169 332 -173
12 821 147 -242
13 759 171 -205
14 564 573 -240
16 840 422 -286
18 1025 463 -97
19 276 624 -131
20 276 180 -7
21 963 461 -20
22 724 484 -145
23 345 597 -129
24 1539 425 -140
25 893 763 -190
27 808 453 -61
28 1278 285 -221
29 1430 281 -101
30 1405 345 -84
31 473 437 -79
32 556 396 -156
33 1607 416 -158
34 1493 617 -165
35 942 502 -124
36 1330 196 -137
37 1666 419 -273
38 318 33 -187
40 196 72 -71
41 272 334 -223
42 1129 161 -9
43 461 769 -145
44 1541 369 -24
45 525 334 -240
46 1278 576 -85
47 752 577 -278
49 280 760 -11
50 1174 222 -253
51 75 710 -213
52 1149 404 -153
53 1112 526 -193
54 1036 396 -291
55 888 389 -281
56 1011 331 -279
57 1153 375 -128
58 1180 314 -274
59 1654 549 -56
60 298 541 -146
61 942 535 -37
62 277 231 -12
63 628 662 -42
64 1656 310 -277
65 1687 308 -270
66 180 559 -51
67 566 188 -191
68 920 9 -107
70 154 230 -50
71 1639 292 -217
72 203 345 -214
74 1415 560 -217
75 1374 306 -52
76 967 664 -75
77 1531 201 -15
79 876 206 -20
80 1068 392 -283
81 271 449 -153
82 1324 739 -168
83 884 534 -263
84 59 617 -31
85 1092 722 -180
86 1391 388 -279
87 894 592 -271
88 1528 691 -195
89 1630 330 -201
90 1086 369 -29
91 1244 550 -45
92 268 254 -83
93 532 33 -237
95 971 683 -64
96 279 113 -260
97 507 486 -97
98 728 639 -283
99 1514 531 -29
100 968 141 -216
101 947 38 -36
102 944 489 -13
103 279 160 -143
104 353 539 -2
105 890 137 -197
106 1442 184 -9
107 651 459 -135
108 1057 348 -30
110 1412 60 -109
111 1595 135 -10
112 1205 70 -265
113 948 650 -89
114 1196 271 -65
115 1364 756 -162
116 377 174 -101
117 978 269 -272
121 118 280 -141
122 336 467 -171
124 51 479 -235
125 974 119 -147
126 685 486 -248
127 1061 124 -170
128 160 62 -65
129 157 368 -92
131 1436 649 -179
132 107 277 -173
133 421 33 -194
134 1696 267 -95
135 545 431 -242
136 1119 41 -65
137 839 13 -157
138 536 24 -79
139 555 125 -47
140 545 443 -250
141 619 104 -172
142 729 236 -215
143 210 383 -95
144 727 626 -201
145 1556 133 -204
146 1107 99 -98
147 42 9 -274
148 1645 345 -261
149 828 339 -126
150 961 618 -69
151 996 667 -216
152 1003 665 -16
154 157 719 -214
155 855 440 -95
156 202 681 -91
157 975 558 -186
159 1168 98 -277
160 917 75 -292
161 703 571 -102
162 377 617 -8
163 785 656 -185
165 1448 581 -182
166 1002 675 -161
167 714 701 -116
168 1683 238 -93
169 1594 423 -63
170 1664 690 -137
171 800 78 -113
172 1185 698 -201
173 774 84 -95
174 1668 679 -160
175 437 770 -233
176 623 411 -210
178 189 638 -189
179 296 711 -139
180 845 26 -61
181 135 289 -132
182 733 718 -189
183 1488 433 -21
184 830 575 -219
185 1263 654 -151
187 1467 41 -236
189 1143 234 -28
190 1277 397 -202
191 61 95 -168
192 248 154 -248
193 845 559 -132
194 1176 656 -290
195 216 432 -178
196 746 120 -106
197 1496 30 -164
198 1276 179 -183
199 402 38 -200
200 304 248 -167
201 309 585 -12
202 819 200 -53
203 1634 603 -158
204 1241 99 -123
205 660 478 -12
206 1049 312 -16
207 703 127 -262
208 382 612 -74
209 181 85 -29
210 1585 4 -256
211 134 317 -205
212 227 113 -288
213 1456 506 -293
214 1175 437 -282
215 1438 12 -291
216 1641 526 -26
217 433 396 -28
218 905 563 -232
219 756 59 -269
220 38 696 -209
221 344 211 -200
222 783 133 -42
223 721 514 -254
224 711 220 -139
225 548 89 -231
226 525 520 -281
227 1029 496 -122
228 1488 175 -133
229 1038 621 -38
230 325 391 -211
231 1270 106 -17
232 392 545 -110
233 746 549 -299
234 700 658 -44
235 45 26 -189
237 861 194 -133
238 449 31 -53
239 1330 579 -61
240 1021 692 -152.416
241 34 465 -42.9082
242 1176 581 -59.4499
243 693 274 -279.513
244 1412 486 -215.015
245 308 18 -244.614
246 1073 453 -114.972
247 31 554 -254.198
248 1689 682 -214.115
249 1296 77 -342.823
250 913 677 -26.3946
251 1181 498 -263.526
252 847 170 -195.471
253 203 16 -80.6929
254 1554 212 -57.8478
255 300 173 -350.241
256 18 737 -20.288
257 973 145 -191.809
258 959 695 -68.9903
259 142 735 -188.862
260 1579 273 -350.563
261 14 262 -352.049
262 192 275 -56.6453
263 1340 143 -82.3748
264 578 20 -359.925
266 470 478 -338.032
267 1326 501 -5.92453
268 1453 639 -182.253
269 102 596 -121.27
270 1430 20 -291.297
271 1125 25 -96.1871
272 15 613 -254.592
273 1168 31 -5.19257
274 1325 22 -186.502
275 722 245 -249.698
276 1005 557 -137.314
277 236 272 -7.51947
278 370 602 -51.9233
279 293 132 -263.232
280 1176 58 -128.353
281 1533 400 -56.303
282 46 648 -298.123
283 1526 219 -124.985
284 59 85 -236.649
285 1369 745 -338.91
286 1394 576 -81.5082
287 991 208 -302.771
288 1474 569 -227.019
289 1411 744 -359.037
290 50 599 -236.893
291 1566 456 -47.5545
292 212 691 -150.602
293 368 746 -268.508
294 1290 123 -152.255
295 1068 243 -154.58
296 1179 610 -92.7591
297 1006 528 -116.87
298 387 98 -94.1855
299 1451 750 -124.656
300 1582 569 -177.227
301 931 608 -32.0932
302 1474 747 -342.71
303 1258 533 -339.426
304 1099 421 -234.442
305 1383 484 -122.295
307 17 674 -293.993
308 17 516 -119.5
309 915 189 -128.72
310 1425 559 -189.439
311 1216 18 -311.621
312 1554 305 -193.728
313 495 436 -198.053
314 96 641 -67.2075
315 947 192 -112.844
316 1199 549 -312.149
317 685 18 -346.839
318 945 165 -98.0245
319 635 13 -339.074
320 215 741 -177.386
321 1404 529 -330.283
322 1357 553 -100.642
323 1512 343 -123.463
324 1564 411 -121.638
325 1018 160 -116.119
326 1468 611 -111.996