2 1441 300 -118
4 1658 693 -185
5 458 98 -4
6 410 596 -78
7 23 755 -95
8 1389 385 -136
9 934 425 -22
11 526 226 -200
12 548 422 -192
13 278 625 -82
14 1473 370 -284
16 481 462 -267
18 1437 457 -271
19 1180 377 -136
20 1291 383 -167
21 978 136 -218
22 1104 14 -125
23 499 578 -64
24 725 519 -227
25 913 355 -230
27 1296 463 -66
28 413 506 -127
29 180 350 -263
30 598 387 -273
31 1308 642 -98
32 517 143 -126
33 223 422 -281
34 997 389 -57
35 980 630 -145
36 596 574 -11
37 1026 688 -207
38 777 698 -26
40 1558 2 -126
41 1280 736 -275
42 1321 176 -200
43 1360 533 -229
44 283 172 -190
45 269 599 -124
46 1088 63 -150
47 1568 255 -150
49 193 389 -155
50 1098 107 -50
51 764 339 -33
52 650 491 -73
53 1235 53 -261
54 964 248 -96
55 1429 19 -189
56 850 194 -91
57 592 493 -214
58 951 560 -18
59 998 117 -168
60 292 152 -161
61 877 103 -45
62 955 513 -147
63 948 365 -4
64 307 529 -84
65 337 1 -286
66 1114 722 -77
67 912 412 -139
68 337 46 -277
70 343 45 -57
71 807 724 -297
72 663 712 -223
74 1308 269 -176
75 1517 256 -278
76 758 351 -45
77 553 521 -273
79 643 695 -165
80 1141 21 -240
81 477 384 -294
82 1218 280 -34
83 168 568 -213
84 553 163 -90
85 942 690 -207
86 938 290 -266
87 784 726 -291
88 1089 561 -106
89 773 489 -6
90 200 600 -136
91 1342 426 -12
92 904 340 -251
93 550 137 -92
95 462 172 -128
96 1603 195 -147
97 410 584 -204
98 1395 530 -201
99 1704 47 -262
100 467 688 -271
101 764 691 -4
102 556 333 -104
103 30 102 -201
104 367 631 -138
105 673 210 -63
106 1564 646 -84
107 785 361 -32
108 401 522 -44
110 1569 346 -64
111 1590 599 -190
112 846 103 -182
113 556 534 -252
114 307 435 -126
115 346 566 -110
116 814 520 -90
117 731 625 -40
121 1513 526 -29
122 706 594 -289
124 78 408 -268
125 1013 381 -279
126 233 242 -167
127 1595 17 -114
128 980 231 -42
129 1192 372 -276
131 1206 310 -69
132 171 311 -140
133 669 542 -2
134 1517 132 -168
135 944 602 -148
136 371 31 -151
137 108 526 -43
138 356 116 -133
139 300 662 -260
140 1047 366 -257
141 664 176 -121
142 971 763 -2
143 244 350 -35
144 874 152 -193
145 1286 31 -4
146 1263 287 -182
147 1519 95 -129
148 933 467 -232
149 665 271 -236
150 18 135 -263
151 1312 752 -76
152 880 381 -209
154 799 224 -16
155 827 622 -30
156 1132 712 -4
157 622 527 -177
159 1427 465 -120
160 123 129 -290
161 392 544 -72
162 790 335 -218
163 628 491 -253
165 806 180 -148
166 354 363 -113
167 1374 352 -187
168 661 88 -94
169 1111 475 -210
170 773 601 -113
171 150 654 -124
172 4 387 -241
173 5 123 -90
174 1545 537 -17
175 1583 343 -201
176 445 707 -113
178 940 114 -143
179 4 34 -131
180 307 684 -22
181 531 555 -121
182 1227 71 -151
183 331 279 -68
184 1040 250 -93
185 84 542 -151
187 722 161 -288
189 1053 502 -104
190 1456 492 -79
191 49 540 -75
192 1340 333 -75
193 828 149 -189
194 1516 61 -241
195 1522 156 -62
196 955 586 -77
197 1236 397 -189
198 958 204 -221
199 498 453 -195
200 951 525 -242
201 1433 491 -293
202 1188 51 -215
203 1107 647 -9
204 1536 39 -244
205 1160 499 -89
206 1085 676 -240
207 640 430 -10
208 117 392 -259
209 1157 724 -265
210 886 227 -175
211 977 159 -285
212 18 419 -23
213 114 773 -218
214 1695 164 -218
215 283 367 -273
216 1298 591 -29
217 1350 348 -112
218 667 634 -261
219 597 633 -261
220 1591 3 -269
221 449 474 -223
222 292 49 -19
223 1439 713 -96
224 1066 189 -166
225 522 389 -213
226 1073 740 -280
227 867 753 -200
228 1653 284 -41
229 1522 235 -149
230 825 66 -291
231 1111 468 -191
232 564 581 -180
233 419 458 -235
234 646 327 -64
235 172 711 -141
237 391 424 -223
238 1624 238 -62
239 1061 259 -138
240 616 44 -247
241 862 215 -7
242 322 354 -248
243 51 613 -176
244 1398 536 -200
245 1223 712 -62
246 645 328 -52
247 37 231 -39
248 510 209 -119
249 962 559 -275
250 1442 770 -77
251 1677 99 -56
252 944 650 -196
253 149 289 -248
254 981 302 -251
255 689 695 -212
256 1615 150 -121
257 103 648 -248
258 117 491 -250
259 2 737 -286
260 357 367 -300
261 987 771 -179
262 25 42 -284
263 1076 341 -285
264 1145 318 -217
266 95 685 -220
267 396 233 -168
268 1646 19 -55
269 180 11 -261
270 7 746 -174
271 619 161 -148
272 403 405 -266
273 1191 535 -138
274 1553 458 -88
275 849 69 -202
276 214 308 -75
277 744 314 -135
278 390 647 -137
279 714 301 -228
280 277 552 -11
281 645 30 -123
282 797 426 -221
283 529 513 -283
284 879 607 -27
285 439 336 -115
286 67 455 -286
287 97 205 -50
288 279 591 -5
289 577 126 -104
290 1391 226 -108
291 1483 255 -92
292 257 153 -267
293 624 9 -186
294 195 365 -69
295 1105 263 -289
296 90 100 -134
297 603 270 -45
298 1667 274 -100
299 1459 292 -238
300 157 48 -191
301 1394 139 -19
302 1230 719 -23
303 943 117 -167
304 937 126 -160
305 59 531 -53
307 668 295 -164
308 925 643 -35
309 1190 604 -157
310 383 158 -124
311 1447 754 -221
312 1195 594 -78
313 1183 183 -55
314 849 594 -111
315 1135 562 -223
316 315 392 -121
317 3 246 -58
318 1680 704 -193
319 1615 173 -257
320 411 161 -46
321 78 670 -254
322 595 755 -270
323 257 161 -292
324 113 208 -274
325 1078 260 -279
326 509 176 -43
326 1036 75 -295